====================================
사원번호 : HA-001, 급여액 : 2638770
====================================
50000	52
10000	 3
 5000	 1
 1000	 3
  500	 1
  100	 2
   50	 1
   10	 2
====================================
사원번호 : HA-002, 급여액 : 1104926
====================================
50000	22
10000	 0
 5000	 0
 1000	 4
  500	 1
  100	 4
   50	 0
   10	 2
====================================
사원번호 : HA-003, 급여액 : 2651928
====================================
50000	53
10000	 0
 5000	 0
 1000	 1
  500	 1
  100	 4
   50	 0
   10	 2
====================================
사원번호 : HA-004, 급여액 : 3179596
====================================
50000	63
10000	 2
 5000	 1
 1000	 4
  500	 1
  100	 0
   50	 1
   10	 4
====================================
사원번호 : HA-005, 급여액 : 1001353
====================================
50000	20
10000	 0
 5000	 0
 1000	 1
  500	 0
  100	 3
   50	 1
   10	 0
====================================
사원번호 : HA-006, 급여액 : 2134045
====================================
50000	42
10000	 3
 5000	 0
 1000	 4
  500	 0
  100	 0
   50	 0
   10	 4
====================================
사원번호 : HA-007, 급여액 : 3701590
====================================
50000	74
10000	 0
 5000	 0
 1000	 1
  500	 1
  100	 0
   50	 1
   10	 4
====================================
사원번호 : HA-008, 급여액 : 1607176
====================================
50000	32
10000	 0
 5000	 1
 1000	 2
  500	 0
  100	 1
   50	 1
   10	 2
====================================
사원번호 : HA-009, 급여액 : 2880136
====================================
50000	57
10000	 3
 5000	 0
 1000	 0
  500	 0
  100	 1
   50	 0
   10	 3
====================================
사원번호 : HA-010, 급여액 : 1483091
====================================
50000	29
10000	 3
 5000	 0
 1000	 3
  500	 0
  100	 0
   50	 1
   10	 4
====================================
사원번호 : HA-011, 급여액 : 1534891
====================================
50000	30
10000	 3
 5000	 0
 1000	 4
  500	 1
  100	 3
   50	 1
   10	 4
====================================
사원번호 : HA-012, 급여액 : 2933616
====================================
50000	58
10000	 3
 5000	 0
 1000	 3
  500	 1
  100	 1
   50	 0
   10	 1
====================================
사원번호 : HA-013, 급여액 : 1478509
====================================
50000	29
10000	 2
 5000	 1
 1000	 3
  500	 1
  100	 0
   50	 0
   10	 0
====================================
사원번호 : HA-014, 급여액 : 1421676
====================================
50000	28
10000	 2
 5000	 0
 1000	 1
  500	 1
  100	 1
   50	 1
   10	 2
====================================
사원번호 : HA-015, 급여액 : 1838745
====================================
50000	36
10000	 3
 5000	 1
 1000	 3
  500	 1
  100	 2
   50	 0
   10	 4
====================================
사원번호 : HA-016, 급여액 : 1574066
====================================
50000	31
10000	 2
 5000	 0
 1000	 4
  500	 0
  100	 0
   50	 1
   10	 1
====================================
사원번호 : HA-017, 급여액 : 2546410
====================================
50000	50
10000	 4
 5000	 1
 1000	 1
  500	 0
  100	 4
   50	 0
   10	 1
====================================
사원번호 : HA-018, 급여액 : 2151178
====================================
50000	43
10000	 0
 5000	 0
 1000	 1
  500	 0
  100	 1
   50	 1
   10	 2
====================================
사원번호 : HA-019, 급여액 : 3440835
====================================
50000	68
10000	 4
 5000	 0
 1000	 0
  500	 1
  100	 3
   50	 0
   10	 3
====================================
사원번호 : HA-020, 급여액 : 3647256
====================================
50000	72
10000	 4
 5000	 1
 1000	 2
  500	 0
  100	 2
   50	 1
   10	 0
====================================
사원번호 : HA-021, 급여액 : 3642630
====================================
50000	72
10000	 4
 5000	 0
 1000	 2
  500	 1
  100	 1
   50	 0
   10	 3
====================================
사원번호 : HA-022, 급여액 : 2327929
====================================
50000	46
10000	 2
 5000	 1
 1000	 2
  500	 1
  100	 4
   50	 0
   10	 2
====================================
사원번호 : HA-023, 급여액 : 3493340
====================================
50000	69
10000	 4
 5000	 0
 1000	 3
  500	 0
  100	 3
   50	 0
   10	 4
====================================
사원번호 : HA-024, 급여액 : 1974478
====================================
50000	39
10000	 2
 5000	 0
 1000	 4
  500	 0
  100	 4
   50	 1
   10	 2
====================================
사원번호 : HA-025, 급여액 : 1860769
====================================
50000	37
10000	 1
 5000	 0
 1000	 0
  500	 1
  100	 2
   50	 1
   10	 1
====================================
사원번호 : HA-026, 급여액 : 3435914
====================================
50000	68
10000	 3
 5000	 1
 1000	 0
  500	 1
  100	 4
   50	 0
   10	 1
====================================
사원번호 : HA-027, 급여액 : 1612162
====================================
50000	32
10000	 1
 5000	 0
 1000	 2
  500	 0
  100	 1
   50	 1
   10	 1
====================================
사원번호 : HA-028, 급여액 : 1342865
====================================
50000	26
10000	 4
 5000	 0
 1000	 2
  500	 1
  100	 3
   50	 1
   10	 1
====================================
사원번호 : HA-029, 급여액 : 3035860
====================================
50000	60
10000	 3
 5000	 1
 1000	 0
  500	 1
  100	 3
   50	 1
   10	 1
====================================
사원번호 : HA-030, 급여액 : 1416334
====================================
50000	28
10000	 1
 5000	 1
 1000	 1
  500	 0
  100	 3
   50	 0
   10	 3
